0
1.57772e-30
1.57772e-28
7.8113e-27
2.55275e-25
6.19441e-24
1.19038e-22
1.88692e-21
2.53745e-20
2.95482e-19
3.02657e-18
2.76063e-17
2.26479e-16
1.68488e-15
1.14449e-14
7.13996e-14
4.11143e-13
2.19479e-12
1.09032e-11
5.05749e-11
2.19701e-10
8.96208e-10
3.44116e-09
1.24642e-08
4.26716e-08
1.38329e-07
4.253e-07
1.24206e-06
3.45035e-06
9.1288e-06
2.30312e-05
5.54702e-05
0.000127673
0.000281104
0.000592616
0.00119731
0.00232033
0.00431679
0.00771618
0.0132626
0.0219376
0.0349503
0.0536758
0.0795348
0.113813
0.15744
0.210762
0.273357
0.343943
0.420411
0.5
0.579589
0.656057
0.726643
0.789238
0.84256
0.886187
0.920465
0.946324
0.96505
0.978062
0.986737
0.992284
0.995683
0.99768
0.998803
0.999407
0.999719
0.999872
0.999945
0.999977
0.999991
0.999997
0.999999
0.999999
1
0.999999
0.999998
0.999994
0.999984
0.999961
0.999908
0.999796
0.999563
0.999105
0.998241
0.996681
0.993984
0.989511
0.9824
0.971556
0.955687
0.933395
0.903326
0.864373
0.815899
0.757941
0.69135
0.617823
0

